#
#Feature symbol names
#
$0 r0
$1 s0

#
#Layer features
#
L -5.2952756 0.9448819 -5.2952756 -1.7913386 1 P 0 
L -5.2952756 -1.7913386 -2.4606299 -1.7913386 1 P 0 
L -2.4606299 -1.7913386 -2.4606299 0.9448819 1 P 0 
L -2.4606299 0.9448819 -5.2952756 0.9448819 1 P 0 
L -4.4594488 -1.1425197 -4.4594488 -0.3425197 0 P 0 
L -4.4594488 -0.3425197 -4.3594488 -0.3425197 0 P 0 
L -4.3594488 -0.3425197 -4.3594488 -1.1425197 0 P 0 
L -4.3594488 -1.1425197 -4.4594488 -1.1425197 0 P 0 
L -3.4153543 -0.2799606 -3.3553543 -0.2799606 0 P 0 
L -3.3553543 -0.2799606 -3.3553543 -0.3499606 0 P 0 
L -3.3553543 -0.3499606 -3.4753543 -0.3499606 0 P 0 
L -3.4753543 -0.3499606 -3.4753543 -0.2799606 0 P 0 
L -3.4753543 -0.2799606 -3.4153543 -0.2799606 0 P 0 
L -4.1535433 -0.4582283 -4.2135433 -0.4582283 0 P 0 
L -4.2135433 -0.4582283 -4.2135433 -0.3882283 0 P 0 
L -4.2135433 -0.3882283 -4.0935433 -0.3882283 0 P 0 
L -4.0935433 -0.3882283 -4.0935433 -0.4582283 0 P 0 
L -4.0935433 -0.4582283 -4.1535433 -0.4582283 0 P 0 
L -3.6362598 -0.4330709 -3.6362598 -0.4930709 0 P 0 
L -3.6362598 -0.4930709 -3.7062598 -0.4930709 0 P 0 
L -3.7062598 -0.4930709 -3.7062598 -0.3730709 0 P 0 
L -3.7062598 -0.3730709 -3.6362598 -0.3730709 0 P 0 
L -3.6362598 -0.3730709 -3.6362598 -0.4330709 0 P 0 
L -3.7062598 -0.3149606 -3.7062598 -0.2549606 0 P 0 
L -3.7062598 -0.2549606 -3.6362598 -0.2549606 0 P 0 
L -3.6362598 -0.2549606 -3.6362598 -0.3749606 0 P 0 
L -3.6362598 -0.3749606 -3.7062598 -0.3749606 0 P 0 
L -3.7062598 -0.3749606 -3.7062598 -0.3149606 0 P 0 
L -4.1535433 -0.3794882 -4.2135433 -0.3794882 0 P 0 
L -4.2135433 -0.3794882 -4.2135433 -0.3094882 0 P 0 
L -4.2135433 -0.3094882 -4.0935433 -0.3094882 0 P 0 
L -4.0935433 -0.3094882 -4.0935433 -0.3794882 0 P 0 
L -4.0935433 -0.3794882 -4.1535433 -0.3794882 0 P 0 
L -3.769685 -0.3587008 -3.709685 -0.3587008 0 P 0 
L -3.709685 -0.3587008 -3.709685 -0.4287008 0 P 0 
L -3.709685 -0.4287008 -3.829685 -0.4287008 0 P 0 
L -3.829685 -0.4287008 -3.829685 -0.3587008 0 P 0 
L -3.829685 -0.3587008 -3.769685 -0.3587008 0 P 0 
