#
#Feature symbol names
#
$0 r0
$1 r7.874
$2 s0

#
#Feature attribute names
#
@0 .nomenclature
@1 .string

#
#Feature attribute text strings
#
&0 +

#
#Layer features
#
L -5.2952756 0.9448819 -5.2952756 -1.7913386 2 P 0 
L -5.2952756 -1.7913386 -2.4606299 -1.7913386 2 P 0 
L -2.4606299 -1.7913386 -2.4606299 0.9448819 2 P 0 
L -2.4606299 0.9448819 -5.2952756 0.9448819 2 P 0 
L -4.3110236 -0.6058661 -4.2510236 -0.6058661 0 P 0 
L -4.2510236 -0.6058661 -4.2510236 -0.5358661 0 P 0 
L -4.2510236 -0.5358661 -4.3710236 -0.5358661 0 P 0 
L -4.3710236 -0.5358661 -4.3710236 -0.6058661 0 P 0 
L -4.3710236 -0.6058661 -4.3110236 -0.6058661 0 P 0 
L -4.8818898 0.0295276 -4.8818898 0.6200787 0 P 0 
L -4.8818898 0.6200787 -5.1771654 0.6200787 0 P 0 
L -5.1771654 0.6200787 -5.1771654 0.0295276 0 P 0 
L -5.1771654 0.0295276 -4.8818898 0.0295276 0 P 0 
L -4.725 -1.1779528 -5.175 -1.1779528 0 P 0 
L -5.175 -1.1779528 -5.175 -1.6779528 0 P 0 
L -5.175 -1.6779528 -4.725 -1.6779528 0 P 0 
L -4.725 -1.6779528 -4.725 -1.1779528 0 P 0 
L -4.775 -1.6779528 -4.775 -2.1279528 0 P 0 
L -4.775 -2.1279528 -5.125 -2.1279528 0 P 0 
L -5.125 -2.1279528 -5.125 -1.6779528 0 P 0 
L -3.5045276 -1.1779528 -3.9545276 -1.1779528 0 P 0 
L -3.9545276 -1.1779528 -3.9545276 -1.6779528 0 P 0 
L -3.9545276 -1.6779528 -3.5045276 -1.6779528 0 P 0 
L -3.5045276 -1.6779528 -3.5045276 -1.1779528 0 P 0 
L -3.5545276 -1.6779528 -3.5545276 -2.1279528 0 P 0 
L -3.5545276 -2.1279528 -3.9045276 -2.1279528 0 P 0 
L -3.9045276 -2.1279528 -3.9045276 -1.6779528 0 P 0 
L -4.0163386 -1.1779528 -4.4663386 -1.1779528 0 P 0 
L -4.4663386 -1.1779528 -4.4663386 -1.6779528 0 P 0 
L -4.4663386 -1.6779528 -4.0163386 -1.6779528 0 P 0 
L -4.0163386 -1.6779528 -4.0163386 -1.1779528 0 P 0 
L -4.0663386 -1.6779528 -4.0663386 -2.1279528 0 P 0 
L -4.0663386 -2.1279528 -4.4163386 -2.1279528 0 P 0 
L -4.4163386 -2.1279528 -4.4163386 -1.6779528 0 P 0 
L -2.9927165 -1.1779528 -3.4427165 -1.1779528 0 P 0 
L -3.4427165 -1.1779528 -3.4427165 -1.6779528 0 P 0 
L -3.4427165 -1.6779528 -2.9927165 -1.6779528 0 P 0 
L -2.9927165 -1.6779528 -2.9927165 -1.1779528 0 P 0 
L -3.0427165 -1.6779528 -3.0427165 -2.1279528 0 P 0 
L -3.0427165 -2.1279528 -3.3927165 -2.1279528 0 P 0 
L -3.3927165 -2.1279528 -3.3927165 -1.6779528 0 P 0 
L -2.8862205 -1.7248031 -2.5862205 -1.7248031 0 P 0 
L -2.5862205 -1.7248031 -2.5862205 -1.4248031 0 P 0 
L -2.5862205 -1.4248031 -2.8862205 -1.4248031 0 P 0 
L -2.8862205 -1.4248031 -2.8862205 -1.7248031 0 P 0 
A -2.6362205 -1.5748031 -2.6362205 -1.5748031 -2.7362205 -1.5748031 0 P 0 N
L -2.6112205 -1.7248031 -2.6112205 -2.1248031 0 P 0 
L -2.6112205 -2.1248031 -2.8612205 -2.1248031 0 P 0 
L -2.8612205 -2.1248031 -2.8612205 -1.7248031 0 P 0 
L -4.2672047 -0.3155118 -4.2872047 -0.3355118 0 P 0 
L -4.2872047 -0.3355118 -4.2872047 -0.2955118 0 P 0 
L -4.2872047 -0.2955118 -4.2672047 -0.3155118 0 P 0 
L -4.2322835 -0.2854331 -4.0551181 -0.2854331 0 P 0 
L -4.0551181 -0.2854331 -4.0551181 -0.4822835 0 P 0 
L -4.0551181 -0.4822835 -4.2519685 -0.4822835 0 P 0 
L -4.2519685 -0.4822835 -4.2519685 -0.3051181 0 P 0 
L -4.2519685 -0.3051181 -4.2322835 -0.2854331 0 P 0 
L -4.0649606 0.1384252 -4.1349606 0.1384252 0 P 0 
L -4.1349606 0.1384252 -4.1349606 0.0584252 0 P 0 
L -4.1349606 0.0584252 -3.9949606 0.0584252 0 P 0 
L -3.9949606 0.0584252 -3.9949606 0.1384252 0 P 0 
L -3.9949606 0.1384252 -4.0649606 0.1384252 0 P 0 
L -4.5964567 0.3648031 -4.6664567 0.3648031 0 P 0 
L -4.6664567 0.3648031 -4.6664567 0.2848031 0 P 0 
L -4.6664567 0.2848031 -4.5264567 0.2848031 0 P 0 
L -4.5264567 0.2848031 -4.5264567 0.3648031 0 P 0 
L -4.5264567 0.3648031 -4.5964567 0.3648031 0 P 0 
L -4.1529134 -0.6003937 -4.1529134 -0.5303937 0 P 0 
L -4.1529134 -0.5303937 -4.2329134 -0.5303937 0 P 0 
L -4.2329134 -0.5303937 -4.2329134 -0.6703937 0 P 0 
L -4.2329134 -0.6703937 -4.1529134 -0.6703937 0 P 0 
L -4.1529134 -0.6703937 -4.1529134 -0.6003937 0 P 0 
L -4.6358268 0.2073228 -4.7058268 0.2073228 0 P 0 
L -4.7058268 0.2073228 -4.7058268 0.1273228 0 P 0 
L -4.7058268 0.1273228 -4.5658268 0.1273228 0 P 0 
L -4.5658268 0.1273228 -4.5658268 0.2073228 0 P 0 
L -4.5658268 0.2073228 -4.6358268 0.2073228 0 P 0 
L -4.6358268 0.1088976 -4.7058268 0.1088976 0 P 0 
L -4.7058268 0.1088976 -4.7058268 0.0288976 0 P 0 
L -4.7058268 0.0288976 -4.5658268 0.0288976 0 P 0 
L -4.5658268 0.0288976 -4.5658268 0.1088976 0 P 0 
L -4.5658268 0.1088976 -4.6358268 0.1088976 0 P 0 
L -3.7252756 0.8202362 -4.2655551 0.8202362 0 P 0 
L -4.2655551 0.8202362 -4.2655551 0.4002362 0 P 0 
L -4.2655551 0.4002362 -3.7252756 0.4002362 0 P 0 
L -3.7252756 0.4002362 -3.7252756 0.8202362 0 P 0 
L -4.6819291 0.4219685 -4.6819291 0.5819685 0 P 0 
L -4.6819291 0.5819685 -4.4519291 0.5819685 0 P 0 
L -4.4519291 0.5819685 -4.4519291 0.4219685 0 P 0 
L -4.4519291 0.4219685 -4.6819291 0.4219685 0 P 0 
L -4.1898031 0.1562205 -4.1898031 0.3162205 0 P 0 
L -4.1898031 0.3162205 -3.9598031 0.3162205 0 P 0 
L -3.9598031 0.3162205 -3.9598031 0.1562205 0 P 0 
L -3.9598031 0.1562205 -4.1898031 0.1562205 0 P 0 
L -4.5775591 -0.1188976 -4.5775591 -0.0188976 0 P 0 
L -4.5775591 -0.0188976 -4.3775591 -0.0188976 0 P 0 
L -4.3775591 -0.0188976 -4.3775591 -0.1188976 0 P 0 
L -4.3775591 -0.1188976 -4.5775591 -0.1188976 0 P 0 
L -4.3110236 -0.2007874 -4.3110236 -0.0551181 0 P 0 
L -4.3110236 -0.0551181 -3.996063 -0.0551181 0 P 0 
L -3.996063 -0.0551181 -3.996063 -0.2007874 0 P 0 
L -3.996063 -0.2007874 -4.3110236 -0.2007874 0 P 0 
L -4.713622 0.4232283 -4.713622 0.5732283 0 P 0 
L -4.713622 0.5732283 -4.833622 0.5732283 0 P 0 
L -4.833622 0.5732283 -4.833622 0.4932283 0 P 0 
L -4.833622 0.4932283 -4.833622 0.2732283 0 P 0 
L -4.833622 0.2732283 -4.713622 0.2732283 0 P 0 
L -4.713622 0.2732283 -4.713622 0.4232283 0 P 0 
L -4.8662898 0.2749789 -4.8662898 0.2449784 1 P 0 ;0,1=0
L -4.8446217 0.2612295 -4.8879579 0.2612295 1 P 0 ;0,1=0
L -4.5472441 0.6486614 -4.3972441 0.6486614 0 P 0 
L -4.3972441 0.6486614 -4.3972441 0.7686614 0 P 0 
L -4.3972441 0.7686614 -4.4772441 0.7686614 0 P 0 
L -4.4772441 0.7686614 -4.6972441 0.7686614 0 P 0 
L -4.6972441 0.7686614 -4.6972441 0.6486614 0 P 0 
L -4.6972441 0.6486614 -4.5472441 0.6486614 0 P 0 
L -4.6954935 0.8013291 -4.725494 0.8013291 1 P 0 ;0,1=0
L -4.7092429 0.779661 -4.7092429 0.8229972 1 P 0 ;0,1=0
L -3.8877953 -0.054685 -3.8277953 -0.054685 0 P 0 
L -3.8277953 -0.054685 -3.8277953 0.015315 0 P 0 
L -3.8277953 0.015315 -3.9477953 0.015315 0 P 0 
L -3.9477953 0.015315 -3.9477953 -0.054685 0 P 0 
L -3.9477953 -0.054685 -3.8877953 -0.054685 0 P 0 
L -4.0452756 -0.281063 -3.9852756 -0.281063 0 P 0 
L -3.9852756 -0.281063 -3.9852756 -0.211063 0 P 0 
L -3.9852756 -0.211063 -4.1052756 -0.211063 0 P 0 
L -4.1052756 -0.211063 -4.1052756 -0.281063 0 P 0 
L -4.1052756 -0.281063 -4.0452756 -0.281063 0 P 0 
L -3.1299213 -1.1275197 -3.0699213 -1.1275197 0 P 0 
L -3.0699213 -1.1275197 -3.0699213 -1.0575197 0 P 0 
L -3.0699213 -1.0575197 -3.1899213 -1.0575197 0 P 0 
L -3.1899213 -1.0575197 -3.1899213 -1.1275197 0 P 0 
L -3.1899213 -1.1275197 -3.1299213 -1.1275197 0 P 0 
L -4.2322835 0.0634252 -4.1722835 0.0634252 0 P 0 
L -4.1722835 0.0634252 -4.1722835 0.1334252 0 P 0 
L -4.1722835 0.1334252 -4.2922835 0.1334252 0 P 0 
L -4.2922835 0.1334252 -4.2922835 0.0634252 0 P 0 
L -4.2922835 0.0634252 -4.2322835 0.0634252 0 P 0 
L -3.7106299 -0.3696457 -3.6506299 -0.3696457 0 P 0 
L -3.6506299 -0.3696457 -3.6506299 -0.2996457 0 P 0 
L -3.6506299 -0.2996457 -3.7706299 -0.2996457 0 P 0 
L -3.7706299 -0.2996457 -3.7706299 -0.3696457 0 P 0 
L -3.7706299 -0.3696457 -3.7106299 -0.3696457 0 P 0 
L -4.2279134 -0.7677165 -4.2279134 -0.8277165 0 P 0 
L -4.2279134 -0.8277165 -4.1579134 -0.8277165 0 P 0 
L -4.1579134 -0.8277165 -4.1579134 -0.7077165 0 P 0 
L -4.1579134 -0.7077165 -4.2279134 -0.7077165 0 P 0 
L -4.2279134 -0.7077165 -4.2279134 -0.7677165 0 P 0 
L -3.7106299 -0.3783858 -3.7706299 -0.3783858 0 P 0 
L -3.7706299 -0.3783858 -3.7706299 -0.4483858 0 P 0 
L -3.7706299 -0.4483858 -3.6506299 -0.4483858 0 P 0 
L -3.6506299 -0.4483858 -3.6506299 -0.3783858 0 P 0 
L -3.6506299 -0.3783858 -3.7106299 -0.3783858 0 P 0 
L -4.8578346 -0.7185039 -4.8578346 -0.7785039 0 P 0 
L -4.8578346 -0.7785039 -4.7878346 -0.7785039 0 P 0 
L -4.7878346 -0.7785039 -4.7878346 -0.6585039 0 P 0 
L -4.7878346 -0.6585039 -4.8578346 -0.6585039 0 P 0 
L -4.8578346 -0.6585039 -4.8578346 -0.7185039 0 P 0 
L -5.0251575 -0.9940945 -5.0251575 -1.0540945 0 P 0 
L -5.0251575 -1.0540945 -4.9551575 -1.0540945 0 P 0 
L -4.9551575 -1.0540945 -4.9551575 -0.9340945 0 P 0 
L -4.9551575 -0.9340945 -5.0251575 -0.9340945 0 P 0 
L -5.0251575 -0.9340945 -5.0251575 -0.9940945 0 P 0 
L -4.9464173 -0.9940945 -4.9464173 -1.0540945 0 P 0 
L -4.9464173 -1.0540945 -4.8764173 -1.0540945 0 P 0 
L -4.8764173 -1.0540945 -4.8764173 -0.9340945 0 P 0 
L -4.8764173 -0.9340945 -4.9464173 -0.9340945 0 P 0 
L -4.9464173 -0.9340945 -4.9464173 -0.9940945 0 P 0 
L -5.1727953 -0.5807087 -5.1727953 -0.6407087 0 P 0 
L -5.1727953 -0.6407087 -5.1027953 -0.6407087 0 P 0 
L -5.1027953 -0.6407087 -5.1027953 -0.5207087 0 P 0 
L -5.1027953 -0.5207087 -5.1727953 -0.5207087 0 P 0 
L -5.1727953 -0.5207087 -5.1727953 -0.5807087 0 P 0 
L -4.5122441 -0.2559055 -4.5122441 -0.1959055 0 P 0 
L -4.5122441 -0.1959055 -4.5822441 -0.1959055 0 P 0 
L -4.5822441 -0.1959055 -4.5822441 -0.3159055 0 P 0 
L -4.5822441 -0.3159055 -4.5122441 -0.3159055 0 P 0 
L -4.5122441 -0.3159055 -4.5122441 -0.2559055 0 P 0 
L -4.5822441 -0.3937008 -4.5822441 -0.4537008 0 P 0 
L -4.5822441 -0.4537008 -4.5122441 -0.4537008 0 P 0 
L -4.5122441 -0.4537008 -4.5122441 -0.3337008 0 P 0 
L -4.5122441 -0.3337008 -4.5822441 -0.3337008 0 P 0 
L -4.5822441 -0.3337008 -4.5822441 -0.3937008 0 P 0 
L -4.4783465 0.0338976 -4.4183465 0.0338976 0 P 0 
L -4.4183465 0.0338976 -4.4183465 0.1038976 0 P 0 
L -4.4183465 0.1038976 -4.5383465 0.1038976 0 P 0 
L -4.5383465 0.1038976 -4.5383465 0.0338976 0 P 0 
L -4.5383465 0.0338976 -4.4783465 0.0338976 0 P 0 
L -3.3070866 -1.0575197 -3.3670866 -1.0575197 0 P 0 
L -3.3670866 -1.0575197 -3.3670866 -1.1275197 0 P 0 
L -3.3670866 -1.1275197 -3.2470866 -1.1275197 0 P 0 
L -3.2470866 -1.1275197 -3.2470866 -1.0575197 0 P 0 
L -3.2470866 -1.0575197 -3.3070866 -1.0575197 0 P 0 
L -2.6771654 -1.3834252 -2.6171654 -1.3834252 0 P 0 
L -2.6171654 -1.3834252 -2.6171654 -1.3134252 0 P 0 
L -2.6171654 -1.3134252 -2.7371654 -1.3134252 0 P 0 
L -2.7371654 -1.3134252 -2.7371654 -1.3834252 0 P 0 
L -2.7371654 -1.3834252 -2.6771654 -1.3834252 0 P 0 
L -2.8051181 -1.3134252 -2.8651181 -1.3134252 0 P 0 
L -2.8651181 -1.3134252 -2.8651181 -1.3834252 0 P 0 
L -2.8651181 -1.3834252 -2.7451181 -1.3834252 0 P 0 
L -2.7451181 -1.3834252 -2.7451181 -1.3134252 0 P 0 
L -2.7451181 -1.3134252 -2.8051181 -1.3134252 0 P 0 
L -4.984685 -0.3740157 -4.984685 -0.3140157 0 P 0 
L -4.984685 -0.3140157 -5.054685 -0.3140157 0 P 0 
L -5.054685 -0.3140157 -5.054685 -0.4340157 0 P 0 
L -5.054685 -0.4340157 -4.984685 -0.4340157 0 P 0 
L -4.984685 -0.4340157 -4.984685 -0.3740157 0 P 0 
L -4.9059449 -0.3740157 -4.9059449 -0.3140157 0 P 0 
L -4.9059449 -0.3140157 -4.9759449 -0.3140157 0 P 0 
L -4.9759449 -0.3140157 -4.9759449 -0.4340157 0 P 0 
L -4.9759449 -0.4340157 -4.9059449 -0.4340157 0 P 0 
L -4.9059449 -0.4340157 -4.9059449 -0.3740157 0 P 0 
L -4.6609843 -0.2559055 -4.6609843 -0.3159055 0 P 0 
L -4.6609843 -0.3159055 -4.5909843 -0.3159055 0 P 0 
L -4.5909843 -0.3159055 -4.5909843 -0.1959055 0 P 0 
L -4.5909843 -0.1959055 -4.6609843 -0.1959055 0 P 0 
L -4.6609843 -0.1959055 -4.6609843 -0.2559055 0 P 0 
L -4.5909843 -0.3937008 -4.5909843 -0.3337008 0 P 0 
L -4.5909843 -0.3337008 -4.6609843 -0.3337008 0 P 0 
L -4.6609843 -0.3337008 -4.6609843 -0.4537008 0 P 0 
L -4.6609843 -0.4537008 -4.5909843 -0.4537008 0 P 0 
L -4.5909843 -0.4537008 -4.5909843 -0.3937008 0 P 0 
L -4.9212598 -0.9109843 -4.8612598 -0.9109843 0 P 0 
L -4.8612598 -0.9109843 -4.8612598 -0.8409843 0 P 0 
L -4.8612598 -0.8409843 -4.9812598 -0.8409843 0 P 0 
L -4.9812598 -0.8409843 -4.9812598 -0.9109843 0 P 0 
L -4.9812598 -0.9109843 -4.9212598 -0.9109843 0 P 0 
L -4.9507874 -0.8224016 -4.8907874 -0.8224016 0 P 0 
L -4.8907874 -0.8224016 -4.8907874 -0.7524016 0 P 0 
L -4.8907874 -0.7524016 -5.0107874 -0.7524016 0 P 0 
L -5.0107874 -0.7524016 -5.0107874 -0.8224016 0 P 0 
L -5.0107874 -0.8224016 -4.9507874 -0.8224016 0 P 0 
L -4.9507874 -1.1472047 -4.8907874 -1.1472047 0 P 0 
L -4.8907874 -1.1472047 -4.8907874 -1.0772047 0 P 0 
L -4.8907874 -1.0772047 -5.0107874 -1.0772047 0 P 0 
L -5.0107874 -1.0772047 -5.0107874 -1.1472047 0 P 0 
L -5.0107874 -1.1472047 -4.9507874 -1.1472047 0 P 0 
L -3.7740551 -0.3740157 -3.7740551 -0.3140157 0 P 0 
L -3.7740551 -0.3140157 -3.8440551 -0.3140157 0 P 0 
L -3.8440551 -0.3140157 -3.8440551 -0.4340157 0 P 0 
L -3.8440551 -0.4340157 -3.7740551 -0.4340157 0 P 0 
L -3.7740551 -0.4340157 -3.7740551 -0.3740157 0 P 0 
L -4.4783465 0.1323228 -4.4183465 0.1323228 0 P 0 
L -4.4183465 0.1323228 -4.4183465 0.2023228 0 P 0 
L -4.4183465 0.2023228 -4.5383465 0.2023228 0 P 0 
L -4.5383465 0.2023228 -4.5383465 0.1323228 0 P 0 
L -4.5383465 0.1323228 -4.4783465 0.1323228 0 P 0 
L -4.3558661 -0.4035433 -4.3558661 -0.4635433 0 P 0 
L -4.3558661 -0.4635433 -4.2858661 -0.4635433 0 P 0 
L -4.2858661 -0.4635433 -4.2858661 -0.3435433 0 P 0 
L -4.2858661 -0.3435433 -4.3558661 -0.3435433 0 P 0 
L -4.3558661 -0.3435433 -4.3558661 -0.4035433 0 P 0 
L -2.9724409 -0.3499606 -2.9124409 -0.3499606 0 P 0 
L -2.9124409 -0.3499606 -2.9124409 -0.2799606 0 P 0 
L -2.9124409 -0.2799606 -3.0324409 -0.2799606 0 P 0 
L -3.0324409 -0.2799606 -3.0324409 -0.3499606 0 P 0 
L -3.0324409 -0.3499606 -2.9724409 -0.3499606 0 P 0 
L -4.4389764 0.3598031 -4.4989764 0.3598031 0 P 0 
L -4.4989764 0.3598031 -4.4989764 0.2898031 0 P 0 
L -4.4989764 0.2898031 -4.3789764 0.2898031 0 P 0 
L -4.3789764 0.2898031 -4.3789764 0.3598031 0 P 0 
L -4.3789764 0.3598031 -4.4389764 0.3598031 0 P 0 
L -4.8031496 -0.4680709 -4.7431496 -0.4680709 0 P 0 
L -4.7431496 -0.4680709 -4.7431496 -0.3980709 0 P 0 
L -4.7431496 -0.3980709 -4.8631496 -0.3980709 0 P 0 
L -4.8631496 -0.3980709 -4.8631496 -0.4680709 0 P 0 
L -4.8631496 -0.4680709 -4.8031496 -0.4680709 0 P 0 
L -3.8779528 -0.2416929 -3.8179528 -0.2416929 0 P 0 
L -3.8179528 -0.2416929 -3.8179528 -0.1716929 0 P 0 
L -3.8179528 -0.1716929 -3.9379528 -0.1716929 0 P 0 
L -3.9379528 -0.1716929 -3.9379528 -0.2416929 0 P 0 
L -3.9379528 -0.2416929 -3.8779528 -0.2416929 0 P 0 
L -4.8031496 -0.3193307 -4.8631496 -0.3193307 0 P 0 
L -4.8631496 -0.3193307 -4.8631496 -0.3893307 0 P 0 
L -4.8631496 -0.3893307 -4.7431496 -0.3893307 0 P 0 
L -4.7431496 -0.3893307 -4.7431496 -0.3193307 0 P 0 
L -4.7431496 -0.3193307 -4.8031496 -0.3193307 0 P 0 
L -4.7159843 -0.6170866 -4.7159843 -0.6470866 0 P 0 
L -4.7159843 -0.6470866 -4.7309843 -0.6320866 0 P 0 
L -4.7309843 -0.6320866 -4.7159843 -0.6170866 0 P 0 
A -4.6009843 -0.6070866 -4.6509843 -0.6070866 -4.6259843 -0.6070866 0 P 0 Y
L -4.7059843 -0.8320866 -4.6809843 -0.8320866 0 P 0 
L -4.5709843 -0.9320866 -4.5459843 -0.9320866 0 P 0 
L -4.5709843 -0.6820866 -4.5459843 -0.6820866 0 P 0 
L -4.7009843 -1.0070866 -4.7009843 -0.6070866 0 P 0 
L -4.7009843 -0.6070866 -4.5509843 -0.6070866 0 P 0 
L -4.5509843 -0.6070866 -4.5509843 -1.0070866 0 P 0 
L -4.5509843 -1.0070866 -4.7009843 -1.0070866 0 P 0 
L -5.080315 -0.6405512 -4.880315 -0.6405512 0 P 0 
A -5.045315 -0.6280512 -5.045315 -0.6280512 -5.055315 -0.6280512 0 P 0 N
L -4.880315 -0.6655512 -4.880315 -0.5155512 0 P 0 
L -4.880315 -0.5155512 -5.080315 -0.5155512 0 P 0 
L -5.080315 -0.5155512 -5.080315 -0.6655512 0 P 0 
L -5.080315 -0.6655512 -4.880315 -0.6655512 0 P 0 
L -3.5616142 -0.0899606 -3.1116142 -0.0899606 0 P 0 
L -3.1116142 -0.0899606 -3.1116142 -0.5399606 0 P 0 
L -3.1116142 -0.5399606 -3.5116142 -0.5399606 0 P 0 
L -3.5116142 -0.5399606 -3.5616142 -0.4899606 0 P 0 
L -3.5616142 -0.4899606 -3.5616142 -0.0899606 0 P 0 
L -3.5116142 -0.5399606 -3.5116142 -0.0899606 0 P 0 
A -3.4866142 -0.3149606 -3.4866142 -0.3149606 -3.4966142 -0.3149606 0 P 0 N
